"data.closeness" "data.threatphy" "data.empathy" "data.prejudice"
"1" 3.12415 12 9 36
"2" 0.1798 9 8 22
"3" 2.0992 12 7 36
"4" 3 12 6 24
"5" 2.062 5 5 20
"6" 0.434 12 9 36
"7" 3.0558 12 9 NA
"8" 0.05506 12 6 33
"9" 3 12 10 36
"10" 3.1488 10 6 36
"11" 2.10202 12 8 10
"12" 3 12 10 36
"13" 3 11 12 22
"14" 1.06117 5 7 20
"15" 3.2852 12 6 30
"16" 1.2694 8 4 29
"17" NA NA NA NA
"18" 1.3268 10 NA NA
"19" 3.049 8 9 21
"20" 1.25678 10 9 28
"21" 3.1736 9 9 20
"22" 2.03939 9 9 32
"23" 0 8 8 20
"24" 3 12 4 33
"25" 3.14711 12 12 16
"26" 3 9 6 20
"27" 0.0868 7 3 23
"28" 3.248 12 4 34
"29" 1.17554 8 9 22
"30" 1.44442 9 8 NA
"31" 0.35674 12 12 22
"32" 1.5518 11 9 18
"33" 3 10 6 36
"34" 0.20617 4 12 14
"35" 0 NA 10 NA
"36" 3.0558 9 9 27
"37" 2.0806 9 6 16
"38" 3.16175 11 7 16
"39" 3.0558 12 4 36
"40" 3.05223 9 7 NA
"41" 3.062 12 8 NA
"42" 3.1922 4 9 NA
"43" 3.04207 12 5 NA
"44" NA 10 9 23
"45" 3.1116 12 5 36
"46" 1.0806 NA 8 NA
"47" 1.1984 9 4 29
"48" 3 9 7 17
"49" 2.0496 10 6 NA
"50" 2 12 6 15
"51" 3 11 7 NA
"52" 2.1798 9 12 36
"53" 3 12 6 NA
"54" 2.46637 10 NA NA
"55" 3.18003 3 3 7
"56" 3 6 2 25
"57" NA 11 12 NA
"58" 2.07695 12 7 16
"59" 3 12 8 33
"60" 3 12 11 36
"61" 0.1922 9 6 36
"62" 1.3648 9 9 NA
"63" 3.0704 8 1 NA
"64" 3.0248 9 4 20
"65" 3.0248 12 5 33
"66" 3 12 11 32
"67" 0.26015 NA 6 NA
"68" 0.97246 12 5 36
"69" 0.4154 9 8 21
"70" 3 12 9 36
"71" NA NA NA NA
"72" 0.18891 10 5 22
"73" 3.2418 11 9 28
"74" 2.21509 9 6 20
"75" 0.5456 12 4 34
"76" 1.3348 9 5 18
"77" 1.28396 3 5 27
"78" 3 12 5 7
"79" 3.0868 12 8 35
"80" 2 7 8 19
"81" 3.1668 10 8 36
"82" 1.20537 5 9 7
"83" 3.0466 7 7 19
"84" 1.90675 4 5 22
"85" 2.14958 3 12 16
"86" 0.21032 6 12 20
"87" 0.30337 7 6 20
"88" 2.3968 12 6 33
"89" 3.09205 12 5 29
"90" 2.48295 9 8 36
"91" 3.1706 9 9 36
"92" 3 12 6 19
"93" 1.37025 12 9 26
"94" 3.10543 7 9 28
"95" 3.12214 9 9 21
"96" 2.2976 9 5 23
"97" 3.062 9 4 17
"98" 0.25 8 7 29
"99" 0.9143 9 5 24
"100" 2.10861 12 4 32
"101" 2.11 9 9 21
"102" 3.06732 9 7 5
"103" 2.1612 11 9 31
"104" 3 12 9 NA
"105" 1.18735 9 9 NA
"106" 2.3472 8 9 NA
"107" 0.1833 9 8 17
"108" 3 12 3 36
"109" 3.06166 9 7 31
"110" 3.04864 11 5 33
"111" 1.2884 5 7 8
"112" 2.19086 5 9 13
"113" 3.37075 9 2 36
"114" NA 12 9 17
"115" 0.32285 6 7 15
"116" 3.2356 9 3 21
"117" 1.12623 7 3 28
"118" 1.8556 10 6 NA
"119" 0.31881 9 9 25
"120" 2.24417 11 6 32
"121" 0.74388 4 9 11
"122" 1.35295 9 7 22
"123" 2.64253 12 7 NA
"124" 0.8494 8 7 NA
"125" 0.32124 NA 8 NA
"126" 2.21679 8 8 NA
"127" 1.1488 12 7 34
"128" 2.1984 9 7 12
"129" 3.1488 12 12 22
"130" 3.1674 5 9 17
"131" 1.24424 NA 6 NA
"132" 0.73401 12 10 32
"133" 1.1116 9 6 23
"134" 3.11457 10 NA NA
"135" 2.06241 7 5 28
"136" 0.1612 9 8 5
"137" 2.1984 12 9 28
"138" 2.3348 8 5 11
"139" 3.248 12 9 36
"140" 0.35137 9 NA 36
"141" 1.28489 2 9 NA
"142" 1.59023 9 9 36
"143" 2.18233 9 9 23
"144" 3.2849 12 9 9
"145" 2.31 9 6 18
"146" 3 9 7 16
"147" 1.1488 9 8 15
"148" 2.28352 5 9 12
"149" 2.2294 9 8 5
"150" 3.3906 12 9 15
"151" 3.1612 9 NA 12
"152" 3.31504 6 9 28
"153" 0.61654 3 5 18
"154" 3 12 9 20
"155" 1.28353 12 6 NA
"156" 0.88119 3 3 31
"157" 1.21466 5 12 19
"158" 1.2108 9 9 16
"159" 0.76467 12 6 36
"160" 2.3348 3 9 8
"161" 2.36848 12 9 24
"162" 3.17838 12 7 NA
"163" 2.0558 12 6 33
"164" 1.775 12 8 NA
"165" 2.13688 9 6 20
"166" 0.78635 6 3 24
"167" 3.06429 12 9 20
"168" 0.22435 9 3 28
"169" 2.07243 12 9 15
"170" 0.53796 7 6 29
"171" 1.89471 9 9 33
"172" 0.17711 5 9 20
"173" 3.05604 9 9 5
"174" 1.5952 6 3 18
"175" 3.15244 11 9 18
"176" 0.78168 12 9 20
"177" 0.37205 3 3 15
"178" 0.26339 7 6 4
"179" 2.12874 5 7 27
"180" 0.47145 6 9 20
"181" 0.4278 9 9 22
"182" 1.1984 12 9 36
"183" 0.50512 12 8 15
"184" 0.3658 7 8 NA
"185" 2.46952 12 4 28
"186" 3.12939 12 1 NA
"187" 3.0806 11 12 9
"188" 2.37091 11 3 30
"189" 0.4634 5 12 9
"190" 2.1798 12 6 25
"191" 0.69617 10 9 21
"192" 3 12 5 26
"193" 0.53873 9 3 27
"194" 3.124 12 9 29
"195" 2.11821 12 9 34
"196" 2.1612 9 9 19
"197" 2.3534 9 9 26
"198" 1.0372 9 7 18
"199" 0.1612 9 7 24
"200" 0.341 6 NA 17
"201" 0.55839 9 7 5
"202" 1.32329 12 9 20
"203" 1.186 12 12 17
"204" 0.39954 6 9 NA
"205" NA 12 NA 13
"206" 3.10259 9 1 36
"207" 3 12 7 13
"208" 2.0496 9 12 21
"209" 2.0372 12 7 19
"210" 3.1612 12 9 14
"211" 3.11254 9 3 35
"212" 1.2294 6 5 24
"213" 2.0992 12 9 30
"214" 3.30753 12 4 35
"215" 3.16638 12 3 36
"216" 1.124 5 9 NA
"217" 0.0992 8 12 24
"218" 3.1674 12 9 4
"219" 1.5456 12 7 33
"220" 0.5394 9 9 32
"221" 3.46798 8 6 18
"222" 2.1612 NA 3 26
"223" 3.145 12 7 NA
"224" 2.1116 9 12 21
"225" 1.1054 9 9 25
"226" 0.217 11 8 21
"227" 2.124 9 9 12
"228" 1.20156 12 7 34
"229" 1.4712 NA 12 35
"230" 0.4092 12 3 36
"231" 2.0744 12 7 17
"232" 0.21089 12 5 32
"233" 1.62 12 NA 0
"234" 2.06273 12 9 26
"235" 0.4464 12 8 18
"236" 1.20581 11 8 34
"237" 2.36762 12 6 36
"238" 3.07316 11 9 23
"239" 0.50968 11 6 21
"240" 3.06219 12 9 20
"241" 0.13463 12 6 20
"242" 0.28339 12 11 9
"243" 0.1922 8 10 NA
"244" 1.124 9 6 17
"245" 3.20156 9 3 20
"246" 2.1488 12 6 NA
"247" 0.9238 8 4 23
"248" 1.21661 10 6 NA
"249" 1.186 12 8 11
"250" 0.9548 6 6 NA
"251" 0.34688 9 9 17
"252" 0.79718 10 5 17
"253" 1.4135 6 6 20
"254" 1.25342 11 2 NA
"255" 1.0868 12 6 28
"256" 1.8192 10 7 25
"257" 0.63059 9 9 NA
"258" 1.116 9 9 NA
"259" 1.3073 7 5 NA
"260" 1.31486 10 4 36
"261" 3.1984 12 8 16
"262" 0.9474 8 6 19
"263" 3.64274 9 7 19
"264" 0.11572 9 10 NA
"265" 3.25629 12 9 24
"266" 1.28072 12 11 18
"267" 0.94722 9 9 22
"268" 0.20481 9 9 36
"269" 0.29163 6 5 26
"270" 1.10844 6 6 24
"271" 0.61032 11 11 24
"272" 3.186 11 9 27
"273" 3 9 9 0
"274" 2 10 9 NA
"275" 0.8432 12 8 22
"276" 0.44007 8 6 35
"277" NA 12 12 14
"278" 0.58141 8 7 NA
"279" 2.39161 12 9 36
"280" 0.49442 9 7 24
"281" 1.1054 12 11 33
"282" 2.1984 4 9 20
"283" 1.217 12 9 NA
"284" 0.32595 9 9 NA
"285" 1 10 9 NA
"286" 0.2976 12 9 NA
"287" 0.4464 12 9 25
"288" 0.3084 12 12 23
"289" 2.1116 11 7 14
"290" 1.186 10 8 29
"291" 1.1066 12 9 19
"292" 0.83075 5 4 NA
"293" 0.28801 9 9 24
"294" 1.13953 12 3 NA
"295" 2.12824 12 6 NA
"296" 0.1736 12 7 23
"297" 2.36625 12 9 26
"298" 1.3756 3 2 30
"299" 3.1426 9 7 17
"300" 3.05774 9 9 27
"301" 0.55036 3 3 18
"302" 0.142 6 12 9
"303" 1.32997 9 3 33
"304" 0.67315 6 12 14
"305" 1.20617 9 6 27
"306" 3.10015 12 9 11
"307" 1.1984 6 9 27
"308" 3.248 9 9 36
"309" 3.124 12 5 32
"310" 1.2232 9 9 19
"311" 0.54668 5 6 29
"312" 0.1488 6 6 16
"313" 0.29709 9 7 24
"314" 0.25635 9 9 22
"315" 0.77875 9 9 29
"316" 0.29961 12 0 36
"317" 0.43785 3 7 18
"318" 0.45697 3 3 13
"319" 3.05429 9 0 36
"320" 3.04539 12 3 28
"321" 1.4219 3 12 5
"322" 0.0672 6 8 18
"323" 3.0744 7 9 6
"324" 1.0992 9 5 20
"325" 0.56135 9 4 13
"326" 3.20285 12 3 32
"327" 0.0992 12 9 17
"328" 0.77197 12 3 36
"329" 1.03703 12 8 36
"330" 2.186 10 12 18
"331" 0.1488 12 3 24
"332" 1.2728 10 7 21
"333" 1.1054 9 8 36
"334" 1.32297 10 8 24
"335" 1.22862 9 9 24
"336" 0.19992 12 9 NA
"337" 2.0558 12 10 25
"338" 0.10867 6 6 NA
"339" 2.1116 12 9 28
"340" 1.14651 9 9 16
"341" 3.1984 10 8 24
"342" 3.2356 9 9 14
"343" 0.9176 9 3 10
"344" 1.1488 7 8 29
"345" 0.2294 9 6 NA
"346" 2.0372 12 4 NA
"347" 2.0868 9 5 18
"348" 3.1488 12 10 36
"349" 0.80434 8 NA NA
"350" NA 11 6 22
"351" 0.62883 NA 7 NA
"352" 2.2852 12 6 28
"353" 2.1116 4 8 26
"354" 2.13232 9 NA 31
"355" 3.124 12 4 25
"356" 0.7254 9 8 20
"357" 1.28217 10 4 17
"358" 0.50281 4 8 28
"359" 3.23779 10 9 36
"360" 2.139 9 9 25
"361" 3.1116 12 0 0
"362" 3.0866 0 7 NA
"363" 1.248 12 10 20
"364" 0.2232 9 7 NA
 